image: rmul_map_401.pgm
resolution: 0.050000
origin: [-3.0500000, -4.0500000, 0.000000]
negate: 0
occupied_thresh: 0.65
free_thresh: 0.196

